十次五倍交叉平均结果
Precision :  0.8342047774405191
Recall :  0.8290074378525635
f1score :  0.8230075228418926
ACC :  0.8355428571428571
ARI :  0.6138133716450189
MCC :  0.7784381505530846
AUC :  0.9540601060669166
PR_AUC :  0.9031144966987569
DBI :  0.8154668482591851
silhouette_width :  0.38562894403934483
